image: level_4_map.pgm
resolution: 0.050000
origin: [-32.457816, -23.565106, 0.000000]
negate: 0
occupied_thresh: 0.65
free_thresh: 0.196

